alpha_V_Cd = [...
    -6.9    44.19   0.009;...
    -3    	14.35   0.017;...
    -1      11.89   0.022;...
    -0.2    11.21   0.024;...
    ];
DragNewton = 0.6125.*alpha_V_Cd(:,3).*(alpha_V_Cd(:,2).^2)*0.6;